mtllib prt0001.mtl

v  94.745131 31.990000 0.000000
v  94.745131 31.990000 0.000000
v  94.745131 31.990000 0.000000
v  91.596485 40.125851 0.000000
v  91.596485 40.125851 0.000000
v  87.750735 47.956319 0.000000
v  87.750735 47.956319 0.000000
v  83.237148 55.421812 0.000000
v  83.237148 55.421812 0.000000
v  78.090076 62.465510 0.000000
v  78.090076 62.465510 0.000000
v  72.348692 69.033809 0.000000
v  72.348692 69.033809 0.000000
v  66.056691 75.076718 0.000000
v  66.056691 75.076718 0.000000
v  66.056691 75.076718 0.000000
v  0.000000 0.000000 0.000000
v  0.000000 0.000000 0.000000
v  0.000000 0.000000 0.000000
v  94.745131 31.990000 20.000000
v  94.745131 31.990000 20.000000
v  94.745131 31.990000 20.000000
v  0.000000 0.000000 20.000000
v  0.000000 0.000000 20.000000
v  0.000000 0.000000 20.000000
v  66.056691 75.076718 20.000000
v  66.056691 75.076718 20.000000
v  66.056691 75.076718 20.000000
v  72.348692 69.033809 20.000000
v  72.348692 69.033809 20.000000
v  78.090076 62.465510 20.000000
v  78.090076 62.465510 20.000000
v  83.237148 55.421812 20.000000
v  83.237148 55.421812 20.000000
v  87.750735 47.956319 20.000000
v  87.750735 47.956319 20.000000
v  91.596485 40.125851 20.000000
v  91.596485 40.125851 20.000000

vt  0.426097 0.000000 0.000000
vt  0.426097 0.000000 0.000000
vt  0.426097 0.000000 0.000000
vt  0.534465 0.000000 0.000000
vt  0.534465 0.000000 0.000000
vt  0.638764 0.000000 0.000000
vt  0.638764 0.000000 0.000000
vt  0.738202 0.000000 0.000000
vt  0.738202 0.000000 0.000000
vt  0.832022 0.000000 0.000000
vt  0.832022 0.000000 0.000000
vt  0.919510 0.000000 0.000000
vt  0.919510 0.000000 0.000000
vt  1.000000 0.000000 0.000000
vt  1.000000 0.000000 0.000000
vt  1.000000 0.000000 0.000000
vt  0.000000 0.000000 0.000000
vt  0.000000 0.000000 0.000000
vt  0.000000 0.000000 0.000000
vt  0.426097 1.000000 0.000000
vt  0.426097 1.000000 0.000000
vt  0.426097 1.000000 0.000000
vt  0.000000 1.000000 0.000000
vt  0.000000 1.000000 0.000000
vt  0.000000 1.000000 0.000000
vt  1.000000 1.000000 0.000000
vt  1.000000 1.000000 0.000000
vt  1.000000 1.000000 0.000000
vt  0.919510 1.000000 0.000000
vt  0.919510 1.000000 0.000000
vt  0.832022 1.000000 0.000000
vt  0.832022 1.000000 0.000000
vt  0.738202 1.000000 0.000000
vt  0.738202 1.000000 0.000000
vt  0.638764 1.000000 0.000000
vt  0.638764 1.000000 0.000000
vt  0.534465 1.000000 0.000000
vt  0.534465 1.000000 0.000000

vn  0.000000 0.000000 -1.000000
vn  0.947451 0.319900 0.000000
vn  0.319900 -0.947451 0.000000
vn  0.000000 0.000000 -1.000000
vn  0.915965 0.401259 0.000000
vn  0.000000 0.000000 -1.000000
vn  0.877507 0.479563 0.000000
vn  0.000000 0.000000 -1.000000
vn  0.832371 0.554218 0.000000
vn  0.000000 0.000000 -1.000000
vn  0.780901 0.624655 0.000000
vn  0.000000 0.000000 -1.000000
vn  0.723487 0.690338 0.000000
vn  0.000000 0.000000 -1.000000
vn  0.660567 0.750767 0.000000
vn  -0.750767 0.660567 0.000000
vn  0.000000 0.000000 -1.000000
vn  -0.750767 0.660567 0.000000
vn  0.319900 -0.947451 0.000000
vn  0.000000 0.000000 1.000000
vn  0.947451 0.319900 0.000000
vn  0.319900 -0.947451 0.000000
vn  0.000000 0.000000 1.000000
vn  -0.750767 0.660567 0.000000
vn  0.319900 -0.947451 0.000000
vn  0.000000 0.000000 1.000000
vn  0.660567 0.750767 0.000000
vn  -0.750767 0.660567 0.000000
vn  0.000000 0.000000 1.000000
vn  0.723487 0.690338 0.000000
vn  0.000000 0.000000 1.000000
vn  0.780901 0.624655 0.000000
vn  0.000000 0.000000 1.000000
vn  0.832371 0.554218 0.000000
vn  0.000000 0.000000 1.000000
vn  0.877507 0.479563 0.000000
vn  0.000000 0.000000 1.000000
vn  0.915965 0.401259 0.000000


g 0
g 1
usemtl DEFAULT_MTL
f 17/17/17  4/4/4  1/1/1
f 21/21/21  2/2/2  5/5/5
f 25/25/25  19/19/19  3/3/3
f 25/25/25  3/3/3  22/22/22
f 17/17/17  6/6/6  4/4/4
f 38/38/38  5/5/5  7/7/7
f 38/38/38  21/21/21  5/5/5
f 17/17/17  8/8/8  6/6/6
f 36/36/36  7/7/7  9/9/9
f 38/38/38  7/7/7  36/36/36
f 17/17/17  10/10/10  8/8/8
f 34/34/34  9/9/9  11/11/11
f 36/36/36  9/9/9  34/34/34
f 17/17/17  12/12/12  10/10/10
f 32/32/32  11/11/11  13/13/13
f 34/34/34  11/11/11  32/32/32
f 17/17/17  14/14/14  12/12/12
f 30/30/30  13/13/13  15/15/15
f 32/32/32  13/13/13  30/30/30
f 28/28/28  16/16/16  18/18/18
f 30/30/30  15/15/15  27/27/27
f 28/28/28  18/18/18  24/24/24
f 26/26/26  23/23/23  20/20/20
f 29/29/29  26/26/26  20/20/20
f 31/31/31  29/29/29  20/20/20
f 33/33/33  31/31/31  20/20/20
f 35/35/35  33/33/33  20/20/20
f 37/37/37  35/35/35  20/20/20
